"","GI.3/FE8_2015/BBD74614","GI.3/FE2_2015/BBD74612","GI.3/FE29_2015/BBD74616","GI.3/CFIA_FV_448_1b_43479_8/QRQ46942","GI.3/CFIA_FV_340_1.3_43479_1234/QRM14330","GI.3/NORO_83_31_10_2014/AWR17831","GI.3/NORO_81_10_10_2014/AWR17825","GI.3/FE59_2015/BBD74620","GI.3/FS114_2015/BBD74624","GI.3/FS118_2015/BBD74626","GI.3/FE47_2015/BBD74618","GI.3/FE49_2014/BBD74608","GI.3/NORO_90_22_06_2015/AWR17846","GI.3/NORO_84_04_11_2014/AWR17834","GI.3/NORO_87_18_02_2015/AWR17840","GI.3/NORO_179_03_08_2015/AWR17600","GI.3/NORO_85_14_11_2014/AWR17837","GI.3/NORO_206_03_12_2015/AWR17651","GI.3/FE61_2015/BBD74622","GI.3/CFIA_FV_491_16_43538_5/QRM14429","GI.3/CFIA_FV_478_13_43479_9/QRQ46993","GI.3/CFIA_FV_491_23_43538_14/QRM14432","GI.3/NORO_89_01_04_2015/AWR17843","GI.3/NORO_198_10_11_2015/AWR17636","GI.3/FS421_2014/BBD74610","GI.3/CS0048/QHW16218","GI.3/JKPG_883/ACX33983","GI.3/JKPG_881/ACX33982","GI.3/Potsdam_196/AAL32455","GI.3/0304_19/ARI71147","GI.3/Osaka/010314/ABQ44563","GI.3/Westport0085/QEP29903","GI.3/Shimizu/KK2866/AII73765","GI.3/Honolulu/219/AAL12962","GI.3/Stav/95/AAD37377","GI.3/Little_Rock/316/AAL12968","GI.3/Amsterdam/2/1995/AHV83751","GI.3/VA98115/AAK84673","GI.3/AFK75851","GI.3/Birmingham/CAB89093","GI.3/DesertShield395/AAA16285","GI.3/Beijing55042/ACY00647","GI.3/EN_3/AOO95034","GI.3/CFIA_FVR_002/QRD99198","GI.3/C9/AFN06738","GI.3/C91/AFN06737","GI.3/B8/QPJ58810","GI.3/18N239/QQL02664","GI.3/Nashville_0047/AZJ17766","GI.3/G2_12/QXD98775","GI.3/Nashville_0046/AZJ17763","GI.3/BayCity_0088/AZJ17748","GI.3/G7_8/QXD98784","GI.3/G5_10/QXD98781","GI.3/G5_9/QXD98778","GI.NA/3718VLC/Spain/ON033826","GI.3/DS275/QPJ58855","GI.3/OS_32/LC122713","GI.3/20200416_ASE_06_GI.3_LPV/QUF08433","GI.3/20200221_ASE_08_GI.3_LPV/QUF08421","GI.3/20200226_MWE_01_GI.3_LPV/QUF08423","GI.3/20200408_MWE_01_GI.3_LPV/QUF08432","GI.3/Akabane/991130/ABQ44566","GI.3/10360/AFI08231","GI.3/Beijing54114/ACY00641","GI.3/E8_UG/AFN06736","GI.3/Beijing54660/ACY00645","GI.9/CAIQ12110628/AHA91654","GI.9/CAIQ12110630/AHA91656","GI.9/SC6350/APA31982","GI.9/Baltimore16082/QJD23083","GI.9/ETR_NV_112/AXQ39901","GI.9/Vancouver730/AEA02124","GI.8/Boxer/AAN15140","GI.8/Baltimore16275/QJD23089","GI.8/HuzhouN10/AGJ52176","GI.8/2008890321/ADB54834","GI.8/Beijing/53671/ACY00615","GI.8/Nagoya/KY531/AII73783","GI.7/Callao0904/QJD23077","GI.7/AlbertaEI404/ALT54488","GI.7/Winchester/CAB89090","GI.7/DS386/QPJ58861","GI.7/TCH_060/AEQ77282","GI.7/Miyagi/BAM65003","GI.7/CS5567/APA31976","GI.6/BS5_Hesse/AAC64603","GI.6/VA497/AAN15138","GI.6/Osaka321/ABQ44565","GI.1/Norwalk/AAB50466","GI.1/SRSV_KY_89/89/J/AAA59229","GI.1/BA81265/AXQ39993","GI.2/AFK75853","GI.2/Southampton/AAA92984","GI.2/Leuven/ACU56258","GI.4/Groningen/CRL46952","GI.4/34/QHH18441","GI.4/Chiba407/BAB18267","GI.5/Musgrove/CAB89095","GI.5/Babbacombe/CAK2226","GI.5/Appalachicola_Bay/318/AAL12971"
"GI.3/FE8_2015/BBD74614",0,0,0,0,0,0,0,0,0,0,0,0,0,0,0,0.00199588,0.0019977,0.00199685,0.00400067,0.0059998,0.00199572,0.00399148,0.00199987,0.00400582,0.00601011,0.00800117,0.01406911,0.01204812,0.00800501,0.00600845,0.01201168,0.01200576,0.01000306,0.01604741,0.01806395,0.01607482,0.0410904,0.03232685,0.01604803,0.03756494,0.0992699,0.09933723,0.10325835,0.13373375,0.11330755,0.11330755,0.12135043,0.12338743,0.12538886,0.12538886,0.12538886,0.12538886,0.12538886,0.12538886,0.12538886,0.21924452,0.21927419,0.21926416,0.24013612,0.23814934,0.24214476,0.2421577,0.23683806,0.23684002,0.23683765,0.23483895,0.2368393,0.46766557,0.46766557,0.46766557,0.46964008,0.46568869,0.4696661,0.45014858,0.43870232,0.43870507,0.43671549,0.43870205,0.43671549,0.4249033,0.42879094,0.42535114,0.37909526,0.38306936,0.38307185,0.38704732,0.63657691,0.64335822,0.64925548,0.65227122,0.68755455,0.64783678,0.66084696,0.65879891,0.65815155,0.68207533,0.6820727,0.68416449,0.69447713,0.6975965,0.70562699
"GI.3/FE2_2015/BBD74612",0,0,0,0,0,0,0,0,0,0,0,0,0,0,0,0.00199588,0.0019977,0.00199685,0.00400067,0.0059998,0.00199572,0.00399148,0.00199987,0.00400582,0.00601011,0.00800117,0.01406911,0.01204812,0.00800501,0.00600845,0.01201168,0.01200576,0.01000306,0.01604741,0.01806395,0.01607482,0.0410904,0.03232685,0.01604803,0.03756494,0.0992699,0.09933723,0.10325835,0.13373375,0.11330755,0.11330755,0.12135043,0.12338743,0.12538886,0.12538886,0.12538886,0.12538886,0.12538886,0.12538886,0.12538886,0.21924452,0.21927419,0.21926416,0.24013612,0.23814934,0.24214476,0.2421577,0.23683806,0.23684002,0.23683765,0.23483895,0.2368393,0.46766557,0.46766557,0.46766557,0.46964008,0.46568869,0.4696661,0.45014858,0.43870232,0.43870507,0.43671549,0.43870205,0.43671549,0.4249033,0.42879094,0.42535114,0.37909526,0.38306936,0.38307185,0.38704732,0.63657691,0.64335822,0.64925548,0.65227122,0.68755455,0.64783678,0.66084696,0.65879891,0.65815155,0.68207533,0.6820727,0.68416449,0.69447713,0.6975965,0.70562699
"GI.3/FE29_2015/BBD74616",0,0,0,0,0,0,0,0,0,0,0,0,0,0,0,0.00199588,0.0019977,0.00199685,0.00400067,0.0059998,0.00199572,0.00399148,0.00199987,0.00400582,0.00601011,0.00800117,0.01406911,0.01204812,0.00800501,0.00600845,0.01201168,0.01200576,0.01000306,0.01604741,0.01806395,0.01607482,0.0410904,0.03232685,0.01604803,0.03756494,0.0992699,0.09933723,0.10325835,0.13373375,0.11330755,0.11330755,0.12135043,0.12338743,0.12538886,0.12538886,0.12538886,0.12538886,0.12538886,0.12538886,0.12538886,0.21924452,0.21927419,0.21926416,0.24013612,0.23814934,0.24214476,0.2421577,0.23683806,0.23684002,0.23683765,0.23483895,0.2368393,0.46766557,0.46766557,0.46766557,0.46964008,0.46568869,0.4696661,0.45014858,0.43870232,0.43870507,0.43671549,0.43870205,0.43671549,0.4249033,0.42879094,0.42535114,0.37909526,0.38306936,0.38307185,0.38704732,0.63657691,0.64335822,0.64925548,0.65227122,0.68755455,0.64783678,0.66084696,0.65879891,0.65815155,0.68207533,0.6820727,0.68416449,0.69447713,0.6975965,0.70562699
"GI.3/CFIA_FV_448_1b_43479_8/QRQ46942",0,0,0,0,0,0,0,0,0,0,0,0,0,0,0,0.00199588,0.0019977,0.00199685,0.00400067,0.0059998,0.00199572,0.00399148,0.00199987,0.00400582,0.00601011,0.00800117,0.01406911,0.01204812,0.00800501,0.00600845,0.01201168,0.01200576,0.01000306,0.01604741,0.01806395,0.01607482,0.0410904,0.03232685,0.01604803,0.03756494,0.0992699,0.09933723,0.10325835,0.13373375,0.11330755,0.11330755,0.12135043,0.12338743,0.12538886,0.12538886,0.12538886,0.12538886,0.12538886,0.12538886,0.12538886,0.21924452,0.21927419,0.21926416,0.24013612,0.23814934,0.24214476,0.2421577,0.23683806,0.23684002,0.23683765,0.23483895,0.2368393,0.46766557,0.46766557,0.46766557,0.46964008,0.46568869,0.4696661,0.45014858,0.43870232,0.43870507,0.43671549,0.43870205,0.43671549,0.4249033,0.42879094,0.42535114,0.37909526,0.38306936,0.38307185,0.38704732,0.63657691,0.64335822,0.64925548,0.65227122,0.68755455,0.64783678,0.66084696,0.65879891,0.65815155,0.68207533,0.6820727,0.68416449,0.69447713,0.6975965,0.70562699
"GI.3/CFIA_FV_340_1.3_43479_1234/QRM14330",0,0,0,0,0,0,0,0,0,0,0,0,0,0,0,0.00199588,0.0019977,0.00199685,0.00400067,0.0059998,0.00199572,0.00399148,0.00199987,0.00400582,0.00601011,0.00800117,0.01406911,0.01204812,0.00800501,0.00600845,0.01201168,0.01200576,0.01000306,0.01604741,0.01806395,0.01607482,0.0410904,0.03232685,0.01604803,0.03756494,0.0992699,0.09933723,0.10325835,0.13373375,0.11330755,0.11330755,0.12135043,0.12338743,0.12538886,0.12538886,0.12538886,0.12538886,0.12538886,0.12538886,0.12538886,0.21924452,0.21927419,0.21926416,0.24013612,0.23814934,0.24214476,0.2421577,0.23683806,0.23684002,0.23683765,0.23483895,0.2368393,0.46766557,0.46766557,0.46766557,0.46964008,0.46568869,0.4696661,0.45014858,0.43870232,0.43870507,0.43671549,0.43870205,0.43671549,0.4249033,0.42879094,0.42535114,0.37909526,0.38306936,0.38307185,0.38704732,0.63657691,0.64335822,0.64925548,0.65227122,0.68755455,0.64783678,0.66084696,0.65879891,0.65815155,0.68207533,0.6820727,0.68416449,0.69447713,0.6975965,0.70562699
"GI.3/NORO_83_31_10_2014/AWR17831",0,0,0,0,0,0,0,0,0,0,0,0,0,0,0,0.00199588,0.0019977,0.00199685,0.00400067,0.0059998,0.00199572,0.00399148,0.00199987,0.00400582,0.00601011,0.00800117,0.01406911,0.01204812,0.00800501,0.00600845,0.01201168,0.01200576,0.01000306,0.01604741,0.01806395,0.01607482,0.0410904,0.03232685,0.01604803,0.03756494,0.0992699,0.09933723,0.10325835,0.13373375,0.11330755,0.11330755,0.12135043,0.12338743,0.12538886,0.12538886,0.12538886,0.12538886,0.12538886,0.12538886,0.12538886,0.21924452,0.21927419,0.21926416,0.24013612,0.23814934,0.24214476,0.2421577,0.23683806,0.23684002,0.23683765,0.23483895,0.2368393,0.46766557,0.46766557,0.46766557,0.46964008,0.46568869,0.4696661,0.45014858,0.43870232,0.43870507,0.43671549,0.43870205,0.43671549,0.4249033,0.42879094,0.42535114,0.37909526,0.38306936,0.38307185,0.38704732,0.63657691,0.64335822,0.64925548,0.65227122,0.68755455,0.64783678,0.66084696,0.65879891,0.65815155,0.68207533,0.6820727,0.68416449,0.69447713,0.6975965,0.70562699
"GI.3/NORO_81_10_10_2014/AWR17825",0,0,0,0,0,0,0,0,0,0,0,0,0,0,0,0.00199588,0.0019977,0.00199685,0.00400067,0.0059998,0.00199572,0.00399148,0.00199987,0.00400582,0.00601011,0.00800117,0.01406911,0.01204812,0.00800501,0.00600845,0.01201168,0.01200576,0.01000306,0.01604741,0.01806395,0.01607482,0.0410904,0.03232685,0.01604803,0.03756494,0.0992699,0.09933723,0.10325835,0.13373375,0.11330755,0.11330755,0.12135043,0.12338743,0.12538886,0.12538886,0.12538886,0.12538886,0.12538886,0.12538886,0.12538886,0.21924452,0.21927419,0.21926416,0.24013612,0.23814934,0.24214476,0.2421577,0.23683806,0.23684002,0.23683765,0.23483895,0.2368393,0.46766557,0.46766557,0.46766557,0.46964008,0.46568869,0.4696661,0.45014858,0.43870232,0.43870507,0.43671549,0.43870205,0.43671549,0.4249033,0.42879094,0.42535114,0.37909526,0.38306936,0.38307185,0.38704732,0.63657691,0.64335822,0.64925548,0.65227122,0.68755455,0.64783678,0.66084696,0.65879891,0.65815155,0.68207533,0.6820727,0.68416449,0.69447713,0.6975965,0.70562699
"GI.3/FE59_2015/BBD74620",0,0,0,0,0,0,0,0,0,0,0,0,0,0,0,0.00199588,0.0019977,0.00199685,0.00400067,0.0059998,0.00199572,0.00399148,0.00199987,0.00400582,0.00601011,0.00800117,0.01406911,0.01204812,0.00800501,0.00600845,0.01201168,0.01200576,0.01000306,0.01604741,0.01806395,0.01607482,0.0410904,0.03232685,0.01604803,0.03756494,0.0992699,0.09933723,0.10325835,0.13373375,0.11330755,0.11330755,0.12135043,0.12338743,0.12538886,0.12538886,0.12538886,0.12538886,0.12538886,0.12538886,0.12538886,0.21924452,0.21927419,0.21926416,0.24013612,0.23814934,0.24214476,0.2421577,0.23683806,0.23684002,0.23683765,0.23483895,0.2368393,0.46766557,0.46766557,0.46766557,0.46964008,0.46568869,0.4696661,0.45014858,0.43870232,0.43870507,0.43671549,0.43870205,0.43671549,0.4249033,0.42879094,0.42535114,0.37909526,0.38306936,0.38307185,0.38704732,0.63657691,0.64335822,0.64925548,0.65227122,0.68755455,0.64783678,0.66084696,0.65879891,0.65815155,0.68207533,0.6820727,0.68416449,0.69447713,0.6975965,0.70562699
"GI.3/FS114_2015/BBD74624",0,0,0,0,0,0,0,0,0,0,0,0,0,0,0,0.00199588,0.0019977,0.00199685,0.00400067,0.0059998,0.00199572,0.00399148,0.00199987,0.00400582,0.00601011,0.00800117,0.01406911,0.01204812,0.00800501,0.00600845,0.01201168,0.01200576,0.01000306,0.01604741,0.01806395,0.01607482,0.0410904,0.03232685,0.01604803,0.03756494,0.0992699,0.09933723,0.10325835,0.13373375,0.11330755,0.11330755,0.12135043,0.12338743,0.12538886,0.12538886,0.12538886,0.12538886,0.12538886,0.12538886,0.12538886,0.21924452,0.21927419,0.21926416,0.24013612,0.23814934,0.24214476,0.2421577,0.23683806,0.23684002,0.23683765,0.23483895,0.2368393,0.46766557,0.46766557,0.46766557,0.46964008,0.46568869,0.4696661,0.45014858,0.43870232,0.43870507,0.43671549,0.43870205,0.43671549,0.4249033,0.42879094,0.42535114,0.37909526,0.38306936,0.38307185,0.38704732,0.63657691,0.64335822,0.64925548,0.65227122,0.68755455,0.64783678,0.66084696,0.65879891,0.65815155,0.68207533,0.6820727,0.68416449,0.69447713,0.6975965,0.70562699
"GI.3/FS118_2015/BBD74626",0,0,0,0,0,0,0,0,0,0,0,0,0,0,0,0.00199588,0.0019977,0.00199685,0.00400067,0.0059998,0.00199572,0.00399148,0.00199987,0.00400582,0.00601011,0.00800117,0.01406911,0.01204812,0.00800501,0.00600845,0.01201168,0.01200576,0.01000306,0.01604741,0.01806395,0.01607482,0.0410904,0.03232685,0.01604803,0.03756494,0.0992699,0.09933723,0.10325835,0.13373375,0.11330755,0.11330755,0.12135043,0.12338743,0.12538886,0.12538886,0.12538886,0.12538886,0.12538886,0.12538886,0.12538886,0.21924452,0.21927419,0.21926416,0.24013612,0.23814934,0.24214476,0.2421577,0.23683806,0.23684002,0.23683765,0.23483895,0.2368393,0.46766557,0.46766557,0.46766557,0.46964008,0.46568869,0.4696661,0.45014858,0.43870232,0.43870507,0.43671549,0.43870205,0.43671549,0.4249033,0.42879094,0.42535114,0.37909526,0.38306936,0.38307185,0.38704732,0.63657691,0.64335822,0.64925548,0.65227122,0.68755455,0.64783678,0.66084696,0.65879891,0.65815155,0.68207533,0.6820727,0.68416449,0.69447713,0.6975965,0.70562699
"GI.3/FE47_2015/BBD74618",0,0,0,0,0,0,0,0,0,0,0,0,0,0,0,0.00199588,0.0019977,0.00199685,0.00400067,0.0059998,0.00199572,0.00399148,0.00199987,0.00400582,0.00601011,0.00800117,0.01406911,0.01204812,0.00800501,0.00600845,0.01201168,0.01200576,0.01000306,0.01604741,0.01806395,0.01607482,0.0410904,0.03232685,0.01604803,0.03756494,0.0992699,0.09933723,0.10325835,0.13373375,0.11330755,0.11330755,0.12135043,0.12338743,0.12538886,0.12538886,0.12538886,0.12538886,0.12538886,0.12538886,0.12538886,0.21924452,0.21927419,0.21926416,0.24013612,0.23814934,0.24214476,0.2421577,0.23683806,0.23684002,0.23683765,0.23483895,0.2368393,0.46766557,0.46766557,0.46766557,0.46964008,0.46568869,0.4696661,0.45014858,0.43870232,0.43870507,0.43671549,0.43870205,0.43671549,0.4249033,0.42879094,0.42535114,0.37909526,0.38306936,0.38307185,0.38704732,0.63657691,0.64335822,0.64925548,0.65227122,0.68755455,0.64783678,0.66084696,0.65879891,0.65815155,0.68207533,0.6820727,0.68416449,0.69447713,0.6975965,0.70562699
"GI.3/FE49_2014/BBD74608",0,0,0,0,0,0,0,0,0,0,0,0,0,0,0,0.00199588,0.0019977,0.00199685,0.00400067,0.0059998,0.00199572,0.00399148,0.00199987,0.00400582,0.00601011,0.00800117,0.01406911,0.01204812,0.00800501,0.00600845,0.01201168,0.01200576,0.01000306,0.01604741,0.01806395,0.01607482,0.0410904,0.03232685,0.01604803,0.03756494,0.0992699,0.09933723,0.10325835,0.13373375,0.11330755,0.11330755,0.12135043,0.12338743,0.12538886,0.12538886,0.12538886,0.12538886,0.12538886,0.12538886,0.12538886,0.21924452,0.21927419,0.21926416,0.24013612,0.23814934,0.24214476,0.2421577,0.23683806,0.23684002,0.23683765,0.23483895,0.2368393,0.46766557,0.46766557,0.46766557,0.46964008,0.46568869,0.4696661,0.45014858,0.43870232,0.43870507,0.43671549,0.43870205,0.43671549,0.4249033,0.42879094,0.42535114,0.37909526,0.38306936,0.38307185,0.38704732,0.63657691,0.64335822,0.64925548,0.65227122,0.68755455,0.64783678,0.66084696,0.65879891,0.65815155,0.68207533,0.6820727,0.68416449,0.69447713,0.6975965,0.70562699
"GI.3/NORO_90_22_06_2015/AWR17846",0,0,0,0,0,0,0,0,0,0,0,0,0,0,0,0.00199588,0.0019977,0.00199685,0.00400067,0.0059998,0.00199572,0.00399148,0.00199987,0.00400582,0.00601011,0.00800117,0.01406911,0.01204812,0.00800501,0.00600845,0.01201168,0.01200576,0.01000306,0.01604741,0.01806395,0.01607482,0.0410904,0.03232685,0.01604803,0.03756494,0.0992699,0.09933723,0.10325835,0.13373375,0.11330755,0.11330755,0.12135043,0.12338743,0.12538886,0.12538886,0.12538886,0.12538886,0.12538886,0.12538886,0.12538886,0.21924452,0.21927419,0.21926416,0.24013612,0.23814934,0.24214476,0.2421577,0.23683806,0.23684002,0.23683765,0.23483895,0.2368393,0.46766557,0.46766557,0.46766557,0.46964008,0.46568869,0.4696661,0.45014858,0.43870232,0.43870507,0.43671549,0.43870205,0.43671549,0.4249033,0.42879094,0.42535114,0.37909526,0.38306936,0.38307185,0.38704732,0.63657691,0.64335822,0.64925548,0.65227122,0.68755455,0.64783678,0.66084696,0.65879891,0.65815155,0.68207533,0.6820727,0.68416449,0.69447713,0.6975965,0.70562699
"GI.3/NORO_84_04_11_2014/AWR17834",0,0,0,0,0,0,0,0,0,0,0,0,0,0,0,0.00199588,0.0019977,0.00199685,0.00400067,0.0059998,0.00199572,0.00399148,0.00199987,0.00400582,0.00601011,0.00800117,0.01406911,0.01204812,0.00800501,0.00600845,0.01201168,0.01200576,0.01000306,0.01604741,0.01806395,0.01607482,0.0410904,0.03232685,0.01604803,0.03756494,0.0992699,0.09933723,0.10325835,0.13373375,0.11330755,0.11330755,0.12135043,0.12338743,0.12538886,0.12538886,0.12538886,0.12538886,0.12538886,0.12538886,0.12538886,0.21924452,0.21927419,0.21926416,0.24013612,0.23814934,0.24214476,0.2421577,0.23683806,0.23684002,0.23683765,0.23483895,0.2368393,0.46766557,0.46766557,0.46766557,0.46964008,0.46568869,0.4696661,0.45014858,0.43870232,0.43870507,0.43671549,0.43870205,0.43671549,0.4249033,0.42879094,0.42535114,0.37909526,0.38306936,0.38307185,0.38704732,0.63657691,0.64335822,0.64925548,0.65227122,0.68755455,0.64783678,0.66084696,0.65879891,0.65815155,0.68207533,0.6820727,0.68416449,0.69447713,0.6975965,0.70562699
"GI.3/NORO_87_18_02_2015/AWR17840",0,0,0,0,0,0,0,0,0,0,0,0,0,0,0,0.00199588,0.0019977,0.00199685,0.00400067,0.0059998,0.00199572,0.00399148,0.00199987,0.00400582,0.00601011,0.00800117,0.01406911,0.01204812,0.00800501,0.00600845,0.01201168,0.01200576,0.01000306,0.01604741,0.01806395,0.01607482,0.0410904,0.03232685,0.01604803,0.03756494,0.0992699,0.09933723,0.10325835,0.13373375,0.11330755,0.11330755,0.12135043,0.12338743,0.12538886,0.12538886,0.12538886,0.12538886,0.12538886,0.12538886,0.12538886,0.21924452,0.21927419,0.21926416,0.24013612,0.23814934,0.24214476,0.2421577,0.23683806,0.23684002,0.23683765,0.23483895,0.2368393,0.46766557,0.46766557,0.46766557,0.46964008,0.46568869,0.4696661,0.45014858,0.43870232,0.43870507,0.43671549,0.43870205,0.43671549,0.4249033,0.42879094,0.42535114,0.37909526,0.38306936,0.38307185,0.38704732,0.63657691,0.64335822,0.64925548,0.65227122,0.68755455,0.64783678,0.66084696,0.65879891,0.65815155,0.68207533,0.6820727,0.68416449,0.69447713,0.6975965,0.70562699
"GI.3/NORO_179_03_08_2015/AWR17600",0.00199588,0.00199588,0.00199588,0.00199588,0.00199588,0.00199588,0.00199588,0.00199588,0.00199588,0.00199588,0.00199588,0.00199588,0.00199588,0.00199588,0.00199588,0,0.00399358,0.00399273,0.00599655,0.00799568,0.0039916,0.00598736,0.00399575,0.0060017,0.00800599,0.00999705,0.01606499,0.014044,0.01000089,0.00800433,0.01400756,0.01400164,0.01199894,0.01804329,0.02005983,0.0180707,0.04308628,0.03432273,0.01804391,0.03956082,0.10126578,0.10133311,0.10525423,0.13572963,0.11530343,0.11530343,0.12334631,0.12538331,0.12738474,0.12738474,0.12738474,0.12738474,0.12738474,0.12738474,0.12738474,0.2212404,0.22127007,0.22126004,0.242132,0.24014522,0.24414064,0.24415358,0.23883394,0.2388359,0.23883353,0.23683483,0.23883518,0.46966145,0.46966145,0.46966145,0.47163596,0.46768457,0.47166198,0.45214446,0.4406982,0.44070095,0.43871137,0.44069793,0.43871137,0.42689918,0.43078682,0.42734702,0.38109114,0.38506524,0.38506773,0.3890432,0.63857279,0.6453541,0.65125136,0.6542671,0.68955043,0.64983266,0.66284284,0.66079479,0.66014743,0.68407121,0.68406858,0.68616037,0.69647301,0.69959238,0.70762287
"GI.3/NORO_85_14_11_2014/AWR17837",0.0019977,0.0019977,0.0019977,0.0019977,0.0019977,0.0019977,0.0019977,0.0019977,0.0019977,0.0019977,0.0019977,0.0019977,0.0019977,0.0019977,0.0019977,0.00399358,0,0.00399455,0.00599837,0.0079975,0.00399342,0.00598918,0.00399757,0.00600352,0.00800781,0.00999887,0.01606681,0.01404582,0.01000271,0.00800615,0.01400938,0.01400346,0.01200076,0.01804511,0.02006165,0.01807252,0.0430881,0.03432455,0.01804573,0.03956264,0.1012676,0.10133493,0.10525605,0.13573145,0.11530525,0.11530525,0.12334813,0.12538513,0.12738656,0.12738656,0.12738656,0.12738656,0.12738656,0.12738656,0.12738656,0.22124222,0.22127189,0.22126186,0.24213382,0.24014704,0.24414246,0.2441554,0.23883576,0.23883772,0.23883535,0.23683665,0.238837,0.46966327,0.46966327,0.46966327,0.47163778,0.46768639,0.4716638,0.45214628,0.44070002,0.44070277,0.43871319,0.44069975,0.43871319,0.426901,0.43078864,0.42734884,0.38109296,0.38506706,0.38506955,0.38904502,0.63857461,0.64535592,0.65125318,0.65426892,0.68955225,0.64983448,0.66284466,0.66079661,0.66014925,0.68407303,0.6840704,0.68616219,0.69647483,0.6995942,0.70762469
"GI.3/NORO_206_03_12_2015/AWR17651",0.00199685,0.00199685,0.00199685,0.00199685,0.00199685,0.00199685,0.00199685,0.00199685,0.00199685,0.00199685,0.00199685,0.00199685,0.00199685,0.00199685,0.00199685,0.00399273,0.00399455,0,0.00200382,0.00799665,0.00399257,0.00598833,0.00399672,0.00600267,0.00800696,0.00999802,0.01606596,0.01404497,0.01000186,0.0080053,0.01400853,0.01400261,0.01199991,0.01804426,0.0200608,0.01807167,0.04308725,0.0343237,0.01804488,0.03956179,0.10126675,0.10133408,0.1052552,0.1357306,0.1153044,0.1153044,0.12334728,0.12538428,0.12738571,0.12738571,0.12738571,0.12738571,0.12738571,0.12738571,0.12738571,0.22124137,0.22127104,0.22126101,0.24213297,0.24014619,0.24414161,0.24415455,0.23883491,0.23883687,0.2388345,0.2368358,0.23883615,0.46966242,0.46966242,0.46966242,0.47163693,0.46768554,0.47166295,0.45214543,0.44069917,0.44070192,0.43871234,0.4406989,0.43871234,0.42690015,0.43078779,0.42734799,0.38109211,0.38506621,0.3850687,0.38904417,0.63857376,0.64535507,0.65125233,0.65426807,0.6895514,0.64983363,0.66284381,0.66079576,0.6601484,0.68407218,0.68406955,0.68616134,0.69647398,0.69959335,0.70762384
"GI.3/FE61_2015/BBD74622",0.00400067,0.00400067,0.00400067,0.00400067,0.00400067,0.00400067,0.00400067,0.00400067,0.00400067,0.00400067,0.00400067,0.00400067,0.00400067,0.00400067,0.00400067,0.00599655,0.00599837,0.00200382,0,0.01000047,0.00599639,0.00799215,0.00600054,0.00800649,0.01001078,0.01200184,0.01806978,0.01604879,0.01200568,0.01000912,0.01601235,0.01600643,0.01400373,0.02004808,0.02206462,0.02007549,0.04509107,0.03632752,0.0200487,0.04156561,0.10327057,0.1033379,0.10725902,0.13773442,0.11730822,0.11730822,0.1253511,0.1273881,0.12938953,0.12938953,0.12938953,0.12938953,0.12938953,0.12938953,0.12938953,0.22324519,0.22327486,0.22326483,0.24413679,0.24215001,0.24614543,0.24615837,0.24083873,0.24084069,0.24083832,0.23883962,0.24083997,0.47166624,0.47166624,0.47166624,0.47364075,0.46968936,0.47366677,0.45414925,0.44270299,0.44270574,0.44071616,0.44270272,0.44071616,0.42890397,0.43279161,0.42935181,0.38309593,0.38707003,0.38707252,0.39104799,0.64057758,0.64735889,0.65325615,0.65627189,0.69155522,0.65183745,0.66484763,0.66279958,0.66215222,0.686076,0.68607337,0.68816516,0.6984778,0.70159717,0.70962766
"GI.3/CFIA_FV_491_16_43538_5/QRM14429",0.0059998,0.0059998,0.0059998,0.0059998,0.0059998,0.0059998,0.0059998,0.0059998,0.0059998,0.0059998,0.0059998,0.0059998,0.0059998,0.0059998,0.0059998,0.00799568,0.0079975,0.00799665,0.01000047,0,0.00400408,0.00599984,0.00799967,0.01000562,0.01200991,0.01400097,0.02006891,0.01804792,0.01400481,0.01200825,0.01801148,0.01800556,0.01600286,0.02204721,0.02406375,0.02207462,0.0470902,0.03832665,0.02204783,0.04356474,0.1052697,0.10533703,0.10925815,0.13973355,0.11930735,0.11930735,0.12735023,0.12938723,0.13138866,0.13138866,0.13138866,0.13138866,0.13138866,0.13138866,0.13138866,0.22524432,0.22527399,0.22526396,0.24613592,0.24414914,0.24814456,0.2481575,0.24283786,0.24283982,0.24283745,0.24083875,0.2428391,0.47366537,0.47366537,0.47366537,0.47563988,0.47168849,0.4756659,0.45614838,0.44470212,0.44470487,0.44271529,0.44470185,0.44271529,0.4309031,0.43479074,0.43135094,0.38509506,0.38906916,0.38907165,0.39304712,0.64257671,0.64935802,0.65525528,0.65827102,0.69355435,0.65383658,0.66684676,0.66479871,0.66415135,0.68807513,0.6880725,0.69016429,0.70047693,0.7035963,0.71162679
"GI.3/CFIA_FV_478_13_43479_9/QRQ46993",0.00199572,0.00199572,0.00199572,0.00199572,0.00199572,0.00199572,0.00199572,0.00199572,0.00199572,0.00199572,0.00199572,0.00199572,0.00199572,0.00199572,0.00199572,0.0039916,0.00399342,0.00399257,0.00599639,0.00400408,0,0.00199576,0.00399559,0.00600154,0.00800583,0.00999689,0.01606483,0.01404384,0.01000073,0.00800417,0.0140074,0.01400148,0.01199878,0.01804313,0.02005967,0.01807054,0.04308612,0.03432257,0.01804375,0.03956066,0.10126562,0.10133295,0.10525407,0.13572947,0.11530327,0.11530327,0.12334615,0.12538315,0.12738458,0.12738458,0.12738458,0.12738458,0.12738458,0.12738458,0.12738458,0.22124024,0.22126991,0.22125988,0.24213184,0.24014506,0.24414048,0.24415342,0.23883378,0.23883574,0.23883337,0.23683467,0.23883502,0.46966129,0.46966129,0.46966129,0.4716358,0.46768441,0.47166182,0.4521443,0.44069804,0.44070079,0.43871121,0.44069777,0.43871121,0.42689902,0.43078666,0.42734686,0.38109098,0.38506508,0.38506757,0.38904304,0.63857263,0.64535394,0.6512512,0.65426694,0.68955027,0.6498325,0.66284268,0.66079463,0.66014727,0.68407105,0.68406842,0.68616021,0.69647285,0.69959222,0.70762271
"GI.3/CFIA_FV_491_23_43538_14/QRM14432",0.00399148,0.00399148,0.00399148,0.00399148,0.00399148,0.00399148,0.00399148,0.00399148,0.00399148,0.00399148,0.00399148,0.00399148,0.00399148,0.00399148,0.00399148,0.00598736,0.00598918,0.00598833,0.00799215,0.00599984,0.00199576,0,0.00599135,0.0079973,0.01000159,0.01199265,0.01806059,0.0160396,0.01199649,0.00999993,0.01600316,0.01599724,0.01399454,0.02003889,0.02205543,0.0200663,0.04508188,0.03631833,0.02003951,0.04155642,0.10326138,0.10332871,0.10724983,0.13772523,0.11729903,0.11729903,0.12534191,0.12737891,0.12938034,0.12938034,0.12938034,0.12938034,0.12938034,0.12938034,0.12938034,0.223236,0.22326567,0.22325564,0.2441276,0.24214082,0.24613624,0.24614918,0.24082954,0.2408315,0.24082913,0.23883043,0.24083078,0.47165705,0.47165705,0.47165705,0.47363156,0.46968017,0.47365758,0.45414006,0.4426938,0.44269655,0.44070697,0.44269353,0.44070697,0.42889478,0.43278242,0.42934262,0.38308674,0.38706084,0.38706333,0.3910388,0.64056839,0.6473497,0.65324696,0.6562627,0.69154603,0.65182826,0.66483844,0.66279039,0.66214303,0.68606681,0.68606418,0.68815597,0.69846861,0.70158798,0.70961847
"GI.3/NORO_89_01_04_2015/AWR17843",0.00199987,0.00199987,0.00199987,0.00199987,0.00199987,0.00199987,0.00199987,0.00199987,0.00199987,0.00199987,0.00199987,0.00199987,0.00199987,0.00199987,0.00199987,0.00399575,0.00399757,0.00399672,0.00600054,0.00799967,0.00399559,0.00599135,0,0.00600569,0.00800998,0.01000104,0.01606898,0.01404799,0.01000488,0.00800832,0.01401155,0.01400563,0.01200293,0.01804728,0.02006382,0.01807469,0.04309027,0.03432672,0.0180479,0.03956481,0.10126977,0.1013371,0.10525822,0.13573362,0.11530742,0.11530742,0.1233503,0.1253873,0.12738873,0.12738873,0.12738873,0.12738873,0.12738873,0.12738873,0.12738873,0.22124439,0.22127406,0.22126403,0.24213599,0.24014921,0.24414463,0.24415757,0.23883793,0.23883989,0.23883752,0.23683882,0.23883917,0.46966544,0.46966544,0.46966544,0.47163995,0.46768856,0.47166597,0.45214845,0.44070219,0.44070494,0.43871536,0.44070192,0.43871536,0.42690317,0.43079081,0.42735101,0.38109513,0.38506923,0.38507172,0.38904719,0.63857678,0.64535809,0.65125535,0.65427109,0.68955442,0.64983665,0.66284683,0.66079878,0.66015142,0.6840752,0.68407257,0.68616436,0.696477,0.69959637,0.70762686
"GI.3/NORO_198_10_11_2015/AWR17636",0.00400582,0.00400582,0.00400582,0.00400582,0.00400582,0.00400582,0.00400582,0.00400582,0.00400582,0.00400582,0.00400582,0.00400582,0.00400582,0.00400582,0.00400582,0.0060017,0.00600352,0.00600267,0.00800649,0.01000562,0.00600154,0.0079973,0.00600569,0,0.01001593,0.01200699,0.01807493,0.01605394,0.01201083,0.01001427,0.0160175,0.01601158,0.01400888,0.02005323,0.02206977,0.02008064,0.04509622,0.03633267,0.02005385,0.04157076,0.10327572,0.10334305,0.10726417,0.13773957,0.11731337,0.11731337,0.12535625,0.12739325,0.12939468,0.12939468,0.12939468,0.12939468,0.12939468,0.12939468,0.12939468,0.22325034,0.22328001,0.22326998,0.24414194,0.24215516,0.24615058,0.24616352,0.24084388,0.24084584,0.24084347,0.23884477,0.24084512,0.47167139,0.47167139,0.47167139,0.4736459,0.46969451,0.47367192,0.4541544,0.44270814,0.44271089,0.44072131,0.44270787,0.44072131,0.42890912,0.43279676,0.42935696,0.38310108,0.38707518,0.38707767,0.39105314,0.64058273,0.64736404,0.6532613,0.65627704,0.69156037,0.6518426,0.66485278,0.66280473,0.66215737,0.68608115,0.68607852,0.68817031,0.69848295,0.70160232,0.70963281
"GI.3/FS421_2014/BBD74610",0.00601011,0.00601011,0.00601011,0.00601011,0.00601011,0.00601011,0.00601011,0.00601011,0.00601011,0.00601011,0.00601011,0.00601011,0.00601011,0.00601011,0.00601011,0.00800599,0.00800781,0.00800696,0.01001078,0.01200991,0.00800583,0.01000159,0.00800998,0.01001593,0,0.0100239,0.01609184,0.01407085,0.01002774,0.00803118,0.01403441,0.01402849,0.01202579,0.01807014,0.02008668,0.01809755,0.04311313,0.03434958,0.01807076,0.03958767,0.10129263,0.10135996,0.10528108,0.13575648,0.11533028,0.11533028,0.12337316,0.12541016,0.12741159,0.12741159,0.12741159,0.12741159,0.12741159,0.12741159,0.12741159,0.22126725,0.22129692,0.22128689,0.24215885,0.24017207,0.24416749,0.24418043,0.23886079,0.23886275,0.23886038,0.23686168,0.23886203,0.4696883,0.4696883,0.4696883,0.47166281,0.46771142,0.47168883,0.45217131,0.44072505,0.4407278,0.43873822,0.44072478,0.43873822,0.42692603,0.43081367,0.42737387,0.38111799,0.38509209,0.38509458,0.38907005,0.63859964,0.64538095,0.65127821,0.65429395,0.68957728,0.64985951,0.66286969,0.66082164,0.66017428,0.68409806,0.68409543,0.68618722,0.69649986,0.69961923,0.70764972
"GI.3/CS0048/QHW16218",0.00800117,0.00800117,0.00800117,0.00800117,0.00800117,0.00800117,0.00800117,0.00800117,0.00800117,0.00800117,0.00800117,0.00800117,0.00800117,0.00800117,0.00800117,0.00999705,0.00999887,0.00999802,0.01200184,0.01400097,0.00999689,0.01199265,0.01000104,0.01200699,0.0100239,0,0.01006508,0.00804409,0.00798848,0.00599192,0.01199515,0.01198923,0.00998653,0.01603088,0.01804742,0.01605829,0.04107387,0.03231032,0.0160315,0.03754841,0.09925337,0.0993207,0.10324182,0.13371722,0.11329102,0.11329102,0.1213339,0.1233709,0.12537233,0.12537233,0.12537233,0.12537233,0.12537233,0.12537233,0.12537233,0.21922799,0.21925766,0.21924763,0.24011959,0.23813281,0.24212823,0.24214117,0.23682153,0.23682349,0.23682112,0.23482242,0.23682277,0.46764904,0.46764904,0.46764904,0.46962355,0.46567216,0.46964957,0.45013205,0.43868579,0.43868854,0.43669896,0.43868552,0.43669896,0.42488677,0.42877441,0.42533461,0.37907873,0.38305283,0.38305532,0.38703079,0.63656038,0.64334169,0.64923895,0.65225469,0.68753802,0.64782025,0.66083043,0.65878238,0.65813502,0.6820588,0.68205617,0.68414796,0.6944606,0.69757997,0.70561046
"GI.3/JKPG_883/ACX33983",0.01406911,0.01406911,0.01406911,0.01406911,0.01406911,0.01406911,0.01406911,0.01406911,0.01406911,0.01406911,0.01406911,0.01406911,0.01406911,0.01406911,0.01406911,0.01606499,0.01606681,0.01606596,0.01806978,0.02006891,0.01606483,0.01806059,0.01606898,0.01807493,0.01609184,0.01006508,0,0.00602671,0.01405642,0.01205986,0.01806309,0.01805717,0.01605447,0.02209882,0.02411536,0.02212623,0.04714181,0.03837826,0.02209944,0.04361635,0.10532131,0.10538864,0.10930976,0.13978516,0.11935896,0.11935896,0.12740184,0.12943884,0.13144027,0.13144027,0.13144027,0.13144027,0.13144027,0.13144027,0.13144027,0.22529593,0.2253256,0.22531557,0.24618753,0.24420075,0.24819617,0.24820911,0.24288947,0.24289143,0.24288906,0.24089036,0.24289071,0.47371698,0.47371698,0.47371698,0.47569149,0.4717401,0.47571751,0.45619999,0.44475373,0.44475648,0.4427669,0.44475346,0.4427669,0.43095471,0.43484235,0.43140255,0.38514667,0.38912077,0.38912326,0.39309873,0.64262832,0.64940963,0.65530689,0.65832263,0.69360596,0.65388819,0.66689837,0.66485032,0.66420296,0.68812674,0.68812411,0.6902159,0.70052854,0.70364791,0.7116784
"GI.3/JKPG_881/ACX33982",0.01204812,0.01204812,0.01204812,0.01204812,0.01204812,0.01204812,0.01204812,0.01204812,0.01204812,0.01204812,0.01204812,0.01204812,0.01204812,0.01204812,0.01204812,0.014044,0.01404582,0.01404497,0.01604879,0.01804792,0.01404384,0.0160396,0.01404799,0.01605394,0.01407085,0.00804409,0.00602671,0,0.01203543,0.01003887,0.0160421,0.01603618,0.01403348,0.02007783,0.02209437,0.02010524,0.04512082,0.03635727,0.02007845,0.04159536,0.10330032,0.10336765,0.10728877,0.13776417,0.11733797,0.11733797,0.12538085,0.12741785,0.12941928,0.12941928,0.12941928,0.12941928,0.12941928,0.12941928,0.12941928,0.22327494,0.22330461,0.22329458,0.24416654,0.24217976,0.24617518,0.24618812,0.24086848,0.24087044,0.24086807,0.23886937,0.24086972,0.47169599,0.47169599,0.47169599,0.4736705,0.46971911,0.47369652,0.454179,0.44273274,0.44273549,0.44074591,0.44273247,0.44074591,0.42893372,0.43282136,0.42938156,0.38312568,0.38709978,0.38710227,0.39107774,0.64060733,0.64738864,0.6532859,0.65630164,0.69158497,0.6518672,0.66487738,0.66282933,0.66218197,0.68610575,0.68610312,0.68819491,0.69850755,0.70162692,0.70965741
"GI.3/Potsdam_196/AAL32455",0.00800501,0.00800501,0.00800501,0.00800501,0.00800501,0.00800501,0.00800501,0.00800501,0.00800501,0.00800501,0.00800501,0.00800501,0.00800501,0.00800501,0.00800501,0.01000089,0.01000271,0.01000186,0.01200568,0.01400481,0.01000073,0.01199649,0.01000488,0.01201083,0.01002774,0.00798848,0.01405642,0.01203543,0,0.00199656,0.00799979,0.00799387,0.00599117,0.01203552,0.01405206,0.01206293,0.03707851,0.02831496,0.01203614,0.03355305,0.09525801,0.09532534,0.09924646,0.12972186,0.10929566,0.10929566,0.11733854,0.11937554,0.12137697,0.12137697,0.12137697,0.12137697,0.12137697,0.12137697,0.12137697,0.21523263,0.2152623,0.21525227,0.23612423,0.23413745,0.23813287,0.23814581,0.23282617,0.23282813,0.23282576,0.23082706,0.23282741,0.46365368,0.46365368,0.46365368,0.46562819,0.4616768,0.46565421,0.44613669,0.43469043,0.43469318,0.4327036,0.43469016,0.4327036,0.42089141,0.42477905,0.42133925,0.37508337,0.37905747,0.37905996,0.38303543,0.63256502,0.63934633,0.64524359,0.64825933,0.68354266,0.64382489,0.65683507,0.65478702,0.65413966,0.67806344,0.67806081,0.6801526,0.69046524,0.69358461,0.7016151
"GI.3/0304_19/ARI71147",0.00600845,0.00600845,0.00600845,0.00600845,0.00600845,0.00600845,0.00600845,0.00600845,0.00600845,0.00600845,0.00600845,0.00600845,0.00600845,0.00600845,0.00600845,0.00800433,0.00800615,0.0080053,0.01000912,0.01200825,0.00800417,0.00999993,0.00800832,0.01001427,0.00803118,0.00599192,0.01205986,0.01003887,0.00199656,0,0.00600323,0.00599731,0.00399461,0.01003896,0.0120555,0.01006637,0.03508195,0.0263184,0.01003958,0.03155649,0.09326145,0.09332878,0.0972499,0.1277253,0.1072991,0.1072991,0.11534198,0.11737898,0.11938041,0.11938041,0.11938041,0.11938041,0.11938041,0.11938041,0.11938041,0.21323607,0.21326574,0.21325571,0.23412767,0.23214089,0.23613631,0.23614925,0.23082961,0.23083157,0.2308292,0.2288305,0.23083085,0.46165712,0.46165712,0.46165712,0.46363163,0.45968024,0.46365765,0.44414013,0.43269387,0.43269662,0.43070704,0.4326936,0.43070704,0.41889485,0.42278249,0.41934269,0.37308681,0.37706091,0.3770634,0.38103887,0.63056846,0.63734977,0.64324703,0.64626277,0.6815461,0.64182833,0.65483851,0.65279046,0.6521431,0.67606688,0.67606425,0.67815604,0.68846868,0.69158805,0.69961854
"GI.3/Osaka/010314/ABQ44563",0.01201168,0.01201168,0.01201168,0.01201168,0.01201168,0.01201168,0.01201168,0.01201168,0.01201168,0.01201168,0.01201168,0.01201168,0.01201168,0.01201168,0.01201168,0.01400756,0.01400938,0.01400853,0.01601235,0.01801148,0.0140074,0.01600316,0.01401155,0.0160175,0.01403441,0.01199515,0.01806309,0.0160421,0.00799979,0.00600323,0,0.00800466,0.00600196,0.01604219,0.01805873,0.0160696,0.04108518,0.03232163,0.01604281,0.03755972,0.09926468,0.09933201,0.10325313,0.13372853,0.11330233,0.11330233,0.12134521,0.12338221,0.12538364,0.12538364,0.12538364,0.12538364,0.12538364,0.12538364,0.12538364,0.2192393,0.21926897,0.21925894,0.2401309,0.23814412,0.24213954,0.24215248,0.23683284,0.2368348,0.23683243,0.23483373,0.23683408,0.46766035,0.46766035,0.46766035,0.46963486,0.46568347,0.46966088,0.45014336,0.4386971,0.43869985,0.43671027,0.43869683,0.43671027,0.42489808,0.42878572,0.42534592,0.37909004,0.38306414,0.38306663,0.3870421,0.63657169,0.643353,0.64925026,0.652266,0.68754933,0.64783156,0.66084174,0.65879369,0.65814633,0.68207011,0.68206748,0.68415927,0.69447191,0.69759128,0.70562177
"GI.3/Westport0085/QEP29903",0.01200576,0.01200576,0.01200576,0.01200576,0.01200576,0.01200576,0.01200576,0.01200576,0.01200576,0.01200576,0.01200576,0.01200576,0.01200576,0.01200576,0.01200576,0.01400164,0.01400346,0.01400261,0.01600643,0.01800556,0.01400148,0.01599724,0.01400563,0.01601158,0.01402849,0.01198923,0.01805717,0.01603618,0.00799387,0.00599731,0.00800466,0,0.00599604,0.01603627,0.01805281,0.01606368,0.04107926,0.03231571,0.01603689,0.0375538,0.09925876,0.09932609,0.10324721,0.13372261,0.11329641,0.11329641,0.12133929,0.12337629,0.12537772,0.12537772,0.12537772,0.12537772,0.12537772,0.12537772,0.12537772,0.21923338,0.21926305,0.21925302,0.24012498,0.2381382,0.24213362,0.24214656,0.23682692,0.23682888,0.23682651,0.23482781,0.23682816,0.46765443,0.46765443,0.46765443,0.46962894,0.46567755,0.46965496,0.45013744,0.43869118,0.43869393,0.43670435,0.43869091,0.43670435,0.42489216,0.4287798,0.42534,0.37908412,0.38305822,0.38306071,0.38703618,0.63656577,0.64334708,0.64924434,0.65226008,0.68754341,0.64782564,0.66083582,0.65878777,0.65814041,0.68206419,0.68206156,0.68415335,0.69446599,0.69758536,0.70561585
"GI.3/Shimizu/KK2866/AII73765",0.01000306,0.01000306,0.01000306,0.01000306,0.01000306,0.01000306,0.01000306,0.01000306,0.01000306,0.01000306,0.01000306,0.01000306,0.01000306,0.01000306,0.01000306,0.01199894,0.01200076,0.01199991,0.01400373,0.01600286,0.01199878,0.01399454,0.01200293,0.01400888,0.01202579,0.00998653,0.01605447,0.01403348,0.00599117,0.00399461,0.00600196,0.00599604,0,0.01403357,0.01605011,0.01406098,0.03907656,0.03031301,0.01403419,0.0355511,0.09725606,0.09732339,0.10124451,0.13171991,0.11129371,0.11129371,0.11933659,0.12137359,0.12337502,0.12337502,0.12337502,0.12337502,0.12337502,0.12337502,0.12337502,0.21723068,0.21726035,0.21725032,0.23812228,0.2361355,0.24013092,0.24014386,0.23482422,0.23482618,0.23482381,0.23282511,0.23482546,0.46565173,0.46565173,0.46565173,0.46762624,0.46367485,0.46765226,0.44813474,0.43668848,0.43669123,0.43470165,0.43668821,0.43470165,0.42288946,0.4267771,0.4233373,0.37708142,0.38105552,0.38105801,0.38503348,0.63456307,0.64134438,0.64724164,0.65025738,0.68554071,0.64582294,0.65883312,0.65678507,0.65613771,0.68006149,0.68005886,0.68215065,0.69246329,0.69558266,0.70361315
"GI.3/Honolulu/219/AAL12962",0.01604741,0.01604741,0.01604741,0.01604741,0.01604741,0.01604741,0.01604741,0.01604741,0.01604741,0.01604741,0.01604741,0.01604741,0.01604741,0.01604741,0.01604741,0.01804329,0.01804511,0.01804426,0.02004808,0.02204721,0.01804313,0.02003889,0.01804728,0.02005323,0.01807014,0.01603088,0.02209882,0.02007783,0.01203552,0.01003896,0.01604219,0.01603627,0.01403357,0,0.01407682,0.01208769,0.03710327,0.02833972,0.0120609,0.03760447,0.09930943,0.09937676,0.10329788,0.13377328,0.11334708,0.11334708,0.12138996,0.12342696,0.12542839,0.12542839,0.12542839,0.12542839,0.12542839,0.12542839,0.12542839,0.21928405,0.21931372,0.21930369,0.24017565,0.23818887,0.24218429,0.24219723,0.23687759,0.23687955,0.23687718,0.23487848,0.23687883,0.4677051,0.4677051,0.4677051,0.46967961,0.46572822,0.46970563,0.45018811,0.43874185,0.4387446,0.43675502,0.43874158,0.43675502,0.42494283,0.42883047,0.42539067,0.37913479,0.38310889,0.38311138,0.38708685,0.63661644,0.64339775,0.64929501,0.65231075,0.68759408,0.64787631,0.66088649,0.65883844,0.65819108,0.68211486,0.68211223,0.68420402,0.69451666,0.69763603,0.70566652
